BQR: forward error
50
8.279319913567114e-7	7.920344159169658e-7	7.782286870934065e-7	8.433157182073989e-7	8.424479968209191e-7	7.85933717898187e-7	8.211522880840766e-7	8.27005290909988e-7	8.287577551525291e-7	8.374615448288838e-7
100
1.2505983359061615e-6	1.215692205472921e-6	1.13974876282413e-6	1.251484941988368e-6	1.2857679360099327e-6	1.2680144238253052e-6	1.2922284533924868e-6	1.2968828858105587e-6	1.183233316617294e-6	1.2332894171782114e-6
250
2.2839198862230435e-6	2.235752925047361e-6	2.2509794413348207e-6	2.2936119016310898e-6	2.2214736945693187e-6	2.2386212711684454e-6	2.255323813141722e-6	2.2502349308871814e-6	2.267915895226994e-6	2.3363235303176018e-6
500
3.852556681817177e-6	3.774188264310986e-6	3.864435648286699e-6	3.8315247516233275e-6	3.844985448380498e-6	3.845650899764302e-6	3.861872946226937e-6	3.8663407424299805e-6	3.866159197757438e-6	3.8325053135116615e-6
1000
7.078435844248904e-6	7.123637781525767e-6	7.130275972886874e-6	7.115029666591386e-6	7.1112485408648716e-6	7.121286286107602e-6	7.073605819149554e-6	7.094261237580971e-6	7.174189582047664e-6	7.0818125933475714e-6
2500
