BQR: backward error
50
1.838921785739481e-7	1.8513618553193215e-7	1.8620533525682094e-7	1.9024981759166704e-7	1.825614812302242e-7	1.858629365141785e-7	1.8516325486090462e-7	1.8688629646969675e-7	1.8196111807607325e-7	1.86564864735878e-7
100
1.9885436688285526e-7	2.015690646564667e-7	2.0126369545631163e-7	2.030850223727083e-7	2.0132480897877013e-7	2.0107655848275802e-7	1.998118613329873e-7	1.9638831435088885e-7	2.0114962656670408e-7	2.01231321967234e-7
250
2.4255976553122335e-7	2.4302741313148155e-7	2.427670502521096e-7	2.4339937450776674e-7	2.421784765770375e-7	2.421975773221012e-7	2.44315611381728e-7	2.419251385504388e-7	2.4348859560491446e-7	2.4303850970413894e-7
500
2.982249408594378e-7	2.9741039796314393e-7	2.9856016754958194e-7	2.9820634673251764e-7	2.9911591396512066e-7	2.988499525903268e-7	2.985682807130365e-7	2.989588081968766e-7	2.995189719991566e-7	2.997484904368905e-7
1000
3.8638011555419803e-7	3.8666994240880225e-7	3.874143823627602e-7	3.86872124401962e-7	3.861254152859809e-7	3.8660042325161006e-7	3.856250583046724e-7	3.8697597018077857e-7	3.8746860907713537e-7	3.8692340939784836e-7
2500
