BQR: backward error
25
1.539265975239721e-7	1.5267629955370614e-7	1.4776065051751637e-7	1.5304788369912247e-7	1.5023433432539037e-7	1.4725973339197333e-7	1.4947630033354269e-7	1.448681670435263e-7	1.489920946354796e-7	1.5451678910616177e-7
50
1.8758683164185504e-7	1.9276290048171285e-7	1.908681219875406e-7	1.8899169244576535e-7	1.894190957887126e-7	1.8679228287840206e-7	1.893234674066501e-7	1.8945496391192183e-7	1.8662601656799393e-7	1.926748107615323e-7
100
2.4356086142929784e-7	2.3881200566794316e-7	2.4600482377542423e-7	2.486987794352494e-7	2.4730955166223516e-7	2.442640915692257e-7	2.487960464267835e-7	2.46780476143669e-7	2.4695011557489425e-7	2.472016628024585e-7
250
3.691930962330367e-7	3.6876077699035535e-7	3.631776510369691e-7	3.6725455435238933e-7	3.658951123498493e-7	3.6237979498605354e-7	3.6636725632147226e-7	3.6554418976393407e-7	3.6800003496727783e-7	3.671665182192112e-7
500
5.062654037894232e-7	5.021999040688334e-7	5.027553046745489e-7	5.081303645250828e-7	5.056647311551947e-7	5.032834552386537e-7	5.051322506945935e-7	5.078833621697143e-7	5.046487207633648e-7	5.039976401420892e-7
1000
6.731965131363533e-7	6.746128238845601e-7	6.753089910384773e-7	6.74596907376283e-7	6.725381730751257e-7	6.750058984385476e-7	6.730296009886998e-7	6.744395161140272e-7	6.735629919311133e-7	6.721799045928694e-7
