BQR: forward error
25
4.911226007147622e-7	4.788714421249514e-7	4.6823597301847963e-7	4.4037004094241966e-7	5.247608014834305e-7	5.332694635479312e-7	5.251934926026451e-7	5.557287673696075e-7	5.313898036528291e-7	5.037516070873914e-7
50
7.91628571612544e-7	8.281778557203316e-7	8.780032271789547e-7	7.266099782473585e-7	8.066981064237694e-7	8.329357731182192e-7	8.198612489417899e-7	8.102204946780321e-7	8.327305649254769e-7	8.372891826522091e-7
100
1.4149218954667464e-6	1.4309449987136868e-6	1.4223440210924664e-6	1.3609100763048642e-6	1.4899033064627079e-6	1.440294811876917e-6	1.404683629493342e-6	1.3864180814513227e-6	1.4807987351173332e-6	1.4204913498023615e-6
250
3.3805784282465658e-6	3.361083839640762e-6	3.3482268844702495e-6	3.338994171729788e-6	3.3404149360722157e-6	3.326136979750301e-6	3.327482042143798e-6	3.3645132488632175e-6	3.383890086106627e-6	3.335443135872063e-6
500
7.314492052566958e-6	7.3008744026358735e-6	7.326462388220256e-6	7.3767735598072924e-6	7.331847316015509e-6	7.295487843570699e-6	7.322518461740758e-6	7.3729653663364876e-6	7.342694787923974e-6	7.3610233413207885e-6
1000
2.0175784432339684e-5	2.0184916506516918e-5	2.0258397326049986e-5	2.0308790980990002e-5	2.013555695461872e-5	2.014238369895411e-5	2.0152997607420063e-5	2.0177414997771438e-5	2.0211503790204246e-5	2.0159056779707883e-5
