Condition number
100
1.3100320607378313	1.3178965710912598	1.2915084018085095	1.337666158870367	1.3080377073127654	1.3084398434427724	1.339422300401036	1.3111695599506519	1.3395185067874837	1.3083134855159495
250
1.560367504660832	1.5726886569041811	1.566507153456713	1.549704196392871	1.5608876282114603	1.5617171631925522	1.5629980715437202	1.569121124590978	1.5742779011210248	1.5729958266236268
500
1.901159426541457	1.9175513081903348	1.9116213491734393	1.9065844174071167	1.910760947709248	1.901341138217771	1.9084987737308106	1.9053106507748025	1.91231514399674	1.906013504747831
1000
2.6031733885758985	2.586529540553023	2.5949191324087773	2.5991028002382572	2.6277678847277226	2.6071438438278127	2.5901904745576516	2.5950497051959593	2.63434806656285	2.5977859257154403
2500
5.750813684003002	5.7769901967630615	5.7398510908210145	5.83298069853172	5.8155068041185505	5.732727995181359	5.773065035680245	5.762287790501637	5.778076097602887	5.808281436950866
