mpBQR: forward error
25
0.0005733431768070475	0.0006902834930590085	0.0006192350757190816	0.0007427874345539568	0.0006460051759490511	0.0006503737581211425	0.0005903731263925571	0.0005862249549659595	0.0005843498927076422	0.0005424354739302651
50
0.0055775877046162405	0.005264183448538249	0.005947813516995674	0.004876681259503306	0.005384334872818774	0.005276344382603307	0.0055052130062947955	0.00530056681030636	0.004988391591049429	0.00560089603090275
100
0.01280265056539772	0.013532220061407982	0.013585460074367367	0.013508817217751335	0.013676773464185814	0.013223816208717388	0.01305650155201182	0.012933998591251297	0.01313626759841389	0.013673589067272554
250
0.03825402573014068	0.03822672336927671	0.03814386279845831	0.0381041599422607	0.03806247157654537	0.038100049954903126	0.037905471694380605	0.03811995137063497	0.038669842643248686	0.03906463376515291
500
0.08537528930249341	0.08531889331275364	0.08549142108680116	0.08581986328685547	0.08578344099179563	0.08549279827826985	0.08541551477229765	0.08574556821536714	0.08536241605730548	0.08530563442538906
1000
0.21177690370923802	0.21171739005439355	0.21130419517669422	0.2116702894955729	0.21156100405170217	0.21150473289036936	0.21113368273336375	0.21177983360518834	0.21192013138566734	0.212316958925202
