mpBQR: backward error
50
0.000534918690059986	0.0005643797354081226	0.0005200935549461215	0.0005737745269301874	0.0005576597484191044	0.0006011142436493521	0.0005638059478504215	0.0005246610091507352	0.0005229897705048676	0.0005380300089500337
100
0.01912441431536541	0.01936544153231292	0.019617848268909104	0.020155452716194684	0.01910010998825823	0.020202717076604794	0.020070968753454908	0.01967370468881643	0.019542239440997138	0.019882870785205575
250
0.039588270395508884	0.03892960669716439	0.0400157218674084	0.039731065519308634	0.0391030495847703	0.038364861572697764	0.03893967429176926	0.039167162658159047	0.039820067450988046	0.03944111922517839
500
0.0593281628149525	0.06061754984640371	0.059071751221101726	0.0601980669037491	0.059539630554688895	0.060524032474405395	0.059762372076769474	0.06025925022763023	0.060086478642958435	0.05982640949421744
1000
0.08887343439640832	0.08839928302855864	0.08883200820619472	0.08862466054187916	0.08834184334024023	0.08805363729468307	0.0882305828306145	0.08847256120440265	0.08850275284703282	0.08873274815783531
2500
