mpBQR: forward error
50
0.0005100485825412882	0.000504260326386894	0.0004988485519497584	0.0005591419279001616	0.0005494423367979089	0.000620677974797123	0.0005427369466718676	0.00048470710197283254	0.0004892814346757324	0.0004868515640004491
100
0.010306344938797866	0.010456656706352473	0.009837846818791548	0.010029091059794874	0.010365608376810215	0.01034550042006558	0.010379171380325227	0.010702686189505334	0.010238269155328439	0.011026449426933654
250
0.033173735217488454	0.032966367482461026	0.03284781420481798	0.03310383616487241	0.03331505258083469	0.03302856320863761	0.033424979997128706	0.033139697008537625	0.033239873724169845	0.03305122043235229
500
0.07196881934271486	0.07132688640155518	0.07146939489141732	0.0715097481809835	0.07113706873402503	0.07197652646153703	0.07168872045346592	0.07127323039405171	0.07207127254501079	0.07163461707947776
1000
0.1524672749527428	0.15147524996437808	0.15215372559981089	0.15200996481070506	0.15198745357142532	0.15197635348995583	0.15204281466622413	0.15205559885612258	0.1524790094361984	0.15274841135060985
2500
