mpBQR: backward error
25
0.0005140732499438202	0.0005576181887663823	0.0005629986885886445	0.0005276639606074054	0.0005862009293028014	0.0005677490571112231	0.0004920951488130292	0.0005235170999004213	0.0005378114707188837	0.0004839331247079404
50
0.048098235616055834	0.05119096153008294	0.04698964634114348	0.05015974049377616	0.05242168828219807	0.05103661301253983	0.04418691706145181	0.05094786986666195	0.04603410645489075	0.048268149364236235
100
0.07994649303467256	0.0802161772046666	0.08613518862815657	0.08464503743788224	0.08162913675677212	0.08460290236247801	0.0856283656006127	0.08194049199065158	0.07964253427220278	0.08335441587106317
250
0.1461464451797063	0.14954047273995974	0.1518066210397853	0.14802990476899566	0.1462260526233818	0.14683340022155178	0.14449365093638666	0.142517538123237	0.14875387445490335	0.14597893051675012
500
0.22788017278938996	0.22596737392705096	0.22646429423926853	0.2269066098519109	0.22931521142598257	0.22614798179385615	0.2251195337816902	0.22527727583965268	0.2235435519989196	0.22879846915867091
1000
0.38119781901445715	0.3825649824162039	0.3800725105718151	0.3821197341836533	0.37397494120090924	0.3807933984695182	0.38250303469175373	0.3819789841586658	0.3789815293252893	0.37634731463255083
