BQR: forward error
100
1.3957480376291398e-6	1.4002681367905483e-6	1.3996230128508822e-6	1.4158648042329896e-6	1.41173393351775e-6	1.4445327285266548e-6	1.3804988686209792e-6	1.4107240006662295e-6	1.4499863616378144e-6	1.4045988367476149e-6
250
3.011670164127083e-6	3.0064337161617787e-6	3.0314892903947745e-6	2.995850893073178e-6	2.9726798495799016e-6	2.985560826003596e-6	2.9444495601160176e-6	2.9908170797718774e-6	2.9821347767912306e-6	2.9790832848677674e-6
500
4.824004333447916e-6	4.805832242566333e-6	4.844288131713588e-6	4.849949910133992e-6	4.859472781726707e-6	4.811647675041833e-6	4.847189094508996e-6	4.834769170319462e-6	4.858596242628296e-6	4.81621126482774e-6
1000
8.5335768728306e-6	8.579838244925604e-6	8.552798422570273e-6	8.51587855535722e-6	8.582291428263935e-6	8.552334319051062e-6	8.545270253359878e-6	8.522844443930026e-6	8.549507365162135e-6	8.565325665282383e-6
2500
2.214642312937126e-5	2.2156657883404915e-5	2.2188174403463078e-5	2.2170242464996444e-5	2.2170362762977494e-5	2.212244935624875e-5	2.2129979581337427e-5	0.0	0.0	0.0
