BQR: backward error
100
0.00017621012618808407	0.0001747840770052271	0.000175581176318683	0.00017606111373675207	0.0001764071897798598	0.00017454617643523058	0.0001741012789655488	0.00017448436361625929	0.0001770329765853667	0.00017488768914925587
250
0.00041964589643073705	0.00041819146196598814	0.00042209417076757275	0.00041972755578583587	0.0004197447861364509	0.00042125339690358136	0.0004182738597440641	0.00042161019174463904	0.00041998907815318147	0.0004214993197625407
500
0.0006568210506067896	0.0006564788589080926	0.0006571370735254546	0.000657245565963773	0.0006545950440383197	0.0006550351600518134	0.0006549512818916069	0.0006566978478636057	0.0006563579029941406	0.0006550738648354672
1000
0.0010815334094387407	0.0010835971519926992	0.001084504980428624	0.0010797399106148814	0.0010824418815091107	0.0010838523110742707	0.0010811489214389628	0.0010821339752717012	0.001082809730707145	0.0010837008528192587
2500
0.0022726875969289535	0.002275863741919341	0.0022752344753412027	0.0022716744417795387	0.0022759032072176416	0.0022732516974657852	0.0022726225693991296	0.0	0.0	0.0
