mpBQR: forward error
100
0.0010705407322010407	0.0010783507505795007	0.0010556490955674375	0.0010683667789539886	0.0010596980087105906	0.0011049531180012907	0.0010668341272573848	0.0010586963963084564	0.001103881176218937	0.001079279749144991
250
0.002971915787130317	0.002983986219658226	0.002910301338714503	0.003017334502191989	0.003114981616575479	0.003046685323157702	0.0029885612748188845	0.0029634919550407548	0.0029403070149058297	0.0029772291152769447
500
0.05305569872443304	0.05295363319803526	0.05318549542232045	0.05336387873621778	0.05269690288971321	0.052566700222685385	0.0531314728517479	0.053032278225211525	0.053018510864114986	0.053199673804336975
1000
0.1340968521467422	0.1343564634107842	0.13397414823823778	0.1341731217402188	0.13471529810611468	0.13381961930680913	0.1340964900199131	0.1344446316779476	0.13395763631956886	0.13404421618462453
2500
0.4044557081100828	0.4049293395073898	0.4042425073172355	0.4046696731907647	0.40488098885690754	0.40495750636471056	0.4045144766118748	0.0	0.0	0.0
