mpBQR: backward error
100
0.3984848234879715	0.4050977198215634	0.40680069329672364	0.4138724482930753	0.3956926653890108	0.41554864512244016	0.3981124020646219	0.3928271240403663	0.41050042932526254	0.4004457382512984
250
0.7040831148527109	0.7045279225867785	0.6868040814235326	0.700427217507943	0.726136136343635	0.7201048563496406	0.6987978642211793	0.704997260551683	0.6896823968385195	0.7074675699183097
500
153.7424156790107	152.9833653071302	153.1584043530813	152.75014078375116	153.740663861653	152.7682343975577	154.69463720047142	152.1637762299726	151.54631370553565	151.96129004110742
1000
380.386365146657	381.72995627919096	381.6807309173582	379.9103296001819	381.1177112414576	383.0289991018411	380.57508127408886	379.24408169616936	379.705808833476	381.56822294134633
2500
1095.965458609037	1096.5018663015303	1098.7642465524489	1096.7200519460282	1097.4817298761673	1096.5695284412666	1097.1282031267908	0.0	0.0	0.0
