Condition backward
0.040459562
1.8468623e-6
0.041239884
0.0023761587
1.8597937e-6
0.11390141
0.0027006862
1.5545586e-6
-1.0
0.061105233
2.3042523e-6
0.06512169
0.0027306536
2.36997e-6
0.15269685
0.0031587195
2.063725e-6
-1.0
0.1042007
2.7077406e-6
0.10458558
0.003106552
2.876944e-6
0.1891955
0.0036104035
2.5127295e-6
-1.0
0.17962343
3.4193813e-6
0.17949854
0.003611134
3.725628e-6
0.539704
0.0041893004
3.3028903e-6
-1.0
0.30042192
4.3329323e-6
0.3003278
0.0041735424
4.761279e-6
0.6808213
0.004769378
4.35553e-6
-1.0
0.51252246
5.225721e-6
0.5073067
0.004789763
5.955848e-6
1.0451972
0.0054549878
5.4241327e-6
-1.0
0.84966063
6.228757e-6
0.83521783
0.005496557
7.4970794e-6
1.6188968
0.006277322
6.6006432e-6
-1.0
1.3569058
6.8880545e-6
1.3354933
0.0062962
9.53104e-6
2.4923313
0.007293596
8.270479e-6
-1.0
2.2491696
8.318931e-6
2.2147865
0.007302141
1.2277681e-5
3.9570656
0.008414913
1.0489243e-5
-1.0
3.5478628
9.80554e-6
3.4553995
0.008445555
1.5914804e-5
6.164306
0.009666787
1.347281e-5
-1.0
