Condition orthogonal
3.1963992
6.830723e-7
2.6391554
0.00067855656
8.4719744e-7
76.52468
0.0013944817
7.6158807e-7
-1.0
4.2539115
7.5304473e-7
5.4809484
0.0007085137
8.1414663e-7
77.90157
0.0013539874
8.0248554e-7
-1.0
8.35947
7.182414e-7
9.253469
0.0006953038
8.772778e-7
34.837994
0.0013259721
7.7178396e-7
-1.0
15.925947
7.2467515e-7
13.931402
0.0006886602
9.715628e-7
489.33713
0.0014744826
8.208979e-7
-1.0
19.081038
7.551248e-7
19.86234
0.0006806101
9.798198e-7
351.71252
0.001480526
9.214788e-7
-1.0
27.77284
7.854805e-7
27.149899
0.00068545615
1.0968673e-6
393.63535
0.0013945567
1.0119212e-6
-1.0
48.65038
7.8982885e-7
46.782894
0.00068237126
1.2264692e-6
185.15266
0.0015182693
1.095695e-6
-1.0
55.496586
7.920404e-7
50.532024
0.00067936844
1.377627e-6
223.87894
0.0013739741
1.2318628e-6
-1.0
