Condition backward
0.028821139
1.5413041e-6
0.029496241
0.001831277
1.8859956e-6
0.025312077
0.0026000403
1.5815411e-6
-1.0
0.033978395
1.5624643e-6
0.034463715
0.001812908
1.8786639e-6
0.030204322
0.0025672056
1.6054092e-6
-1.0
0.03990604
1.5923131e-6
0.040257778
0.0018127972
1.862631e-6
0.04223255
0.0026285546
1.6393877e-6
-1.0
0.05481755
1.6057928e-6
0.055175096
0.0018479354
1.8567475e-6
0.068008296
0.0026232302
1.6584854e-6
-1.0
0.08028804
1.6170849e-6
0.08052121
0.0018715931
1.8990806e-6
0.113104545
0.002720896
1.6751546e-6
-1.0
0.113260016
1.5391747e-6
0.11360909
0.0019049096
1.8832574e-6
0.25640532
0.0025574241
1.5928536e-6
-1.0
0.14696023
1.5254149e-6
0.14758341
0.001949606
1.9305396e-6
0.35610425
0.0026745815
1.5911936e-6
-1.0
0.19403113
1.4874304e-6
0.19457945
0.0018805527
1.9306813e-6
0.5051178
0.0026620799
1.5507131e-6
-1.0
0.30507523
1.4764132e-6
0.30623186
0.001859699
1.9380414e-6
0.84246415
0.0025773146
1.5456765e-6
-1.0
