Condition orthogonal
0.85296154
5.894021e-7
0.7711433
0.00060595875
7.325465e-7
1.4105031
0.0015507035
5.9205223e-7
-1.0
0.9487246
5.7043985e-7
1.1184946
0.00048597922
6.930529e-7
2.1452782
0.0013201947
5.918492e-7
-1.0
2.127444
5.522295e-7
2.1169364
0.0004275991
5.6312354e-7
6.006613
0.0012132227
5.322785e-7
-1.0
3.2652912
4.5473652e-7
3.1961403
0.0003615088
6.350865e-7
10.384551
0.0013027204
5.5855384e-7
-1.0
7.1617484
4.6645576e-7
4.31299
0.00031132356
5.8849804e-7
15.612141
0.0014372955
4.5711505e-7
-1.0
9.865528
4.1022017e-7
16.39374
0.0002694186
5.177406e-7
52.11052
0.0014600541
4.4879172e-7
-1.0
17.31495
4.057254e-7
30.155704
0.00023816206
5.2827573e-7
89.61781
0.0011126307
4.0444732e-7
-1.0
8.2892685
3.9350607e-7
23.22988
0.0005128949
5.2019124e-7
76.89456
0.0012857745
3.9516598e-7
-1.0
3.9410608
4.898383e-7
9.495991
0.00017139551
5.657888e-7
130.45345
0.0012469253
3.8440217e-7
-1.0
