Condition orthogonal
0.30414033
7.263098e-7
0.3059556
0.000588813
8.4719744e-7
2.3075938
0.0013944817
7.6158807e-7
-1.0
0.5334255
7.595248e-7
0.5355884
0.000584524
7.724763e-7
1.6519747
0.0013520921
6.8800495e-7
-1.0
0.7809616
8.1465254e-7
0.77701735
0.0005860805
8.401407e-7
10.034094
0.0013233767
7.7101737e-7
-1.0
1.1135105
8.692435e-7
0.8415507
0.0005814096
9.198934e-7
17.04536
0.0014785917
8.2704383e-7
-1.0
1.6652656
8.5219887e-7
1.3474683
0.00060804165
9.784811e-7
9.515114
0.0014846596
9.010001e-7
-1.0
2.8884938
8.784691e-7
2.560152
0.00062736665
1.0951276e-6
27.407139
0.0013918
1.0325834e-6
-1.0
4.829903
8.201657e-7
4.150923
0.00064775476
1.2191396e-6
64.60524
0.0015102893
1.1052831e-6
-1.0
7.4762177
7.833664e-7
6.7683983
0.00066538044
1.3699023e-6
61.82395
0.0013702842
1.2378979e-6
-1.0
11.123941
7.6420696e-7
11.1597
0.00070818973
1.5602518e-6
82.1737
0.0015320249
1.385698e-6
-1.0
17.563494
7.519477e-7
17.058739
0.0007536741
1.7858501e-6
