Condition backward
0.024755158
1.517792e-6
0.025344374
0.0018402261
1.8597937e-6
0.023450661
0.0027006862
1.5545586e-6
-1.0
0.033510566
2.0095993e-6
0.03450236
0.0021252974
2.3656496e-6
0.03092216
0.00315868
2.0651155e-6
-1.0
0.045689024
2.3942107e-6
0.046785764
0.0023794493
2.876739e-6
0.04761642
0.0036101977
2.513353e-6
-1.0
0.06233304
3.4138677e-6
0.06745482
0.0030158407
3.7238783e-6
0.072824985
0.004189951
3.3051592e-6
-1.0
0.08803411
4.559978e-6
0.09543611
0.0037449133
4.756173e-6
0.10931145
0.0047681355
4.354527e-6
-1.0
0.127963
5.4303764e-6
0.1361205
0.0044902405
5.9547524e-6
0.19075777
0.005455153
5.425186e-6
-1.0
0.1925828
6.126888e-6
0.19864802
0.0053205066
7.496899e-6
0.3054264
0.006277352
6.601394e-6
-1.0
0.29663217
6.924494e-6
0.30357325
0.0062702787
9.528061e-6
0.5142476
0.007292958
8.268397e-6
-1.0
0.47485894
7.863709e-6
0.48819703
0.007508754
1.2271944e-5
0.8631793
0.00841605
1.0490717e-5
-1.0
0.7631923
8.982262e-6
0.7857559
0.009021427
1.590863e-5
